51577.5
18839.5
No change in 10 iterations, ending
26683.5
104097.0
61920.0
55668.0
55968.0
55931.0
56023.0
56022.0
No change in 10 iterations, ending
62855.0
56022.0
52516.5
20362.0
No change in 10 iterations, ending
26683.5
104097.0
62793.0
55940.0
56021.0
No change in 10 iterations, ending
62855.0
56021.0
52049.0
18944.0
No change in 10 iterations, ending
26683.5
104097.0
62741.0
55952.0
56294.0
55857.0
56006.0
55600.0
55803.0
55435.0
55695.0
55903.0
55505.0
55239.0
55555.0
55681.0
56212.0
55188.0
56000.0
55672.0
55561.0
55338.0
55560.0
54749.0
55657.0
62855.0
55559.0
50784.5
17919.5
No change in 10 iterations, ending
22760.5
104097.0
62209.0
55326.0
55789.0
No change in 10 iterations, ending
62855.0
55789.0
50431.5
18240.0
18218.0
No change in 10 iterations, ending
22760.5
104097.0
62633.0
55306.0
55920.0
55655.0
55864.0
55778.0
55614.0
55842.0
55922.0
55649.0
55459.0
55603.0
56154.0
55677.0
55754.0
55732.0
55555.0
55457.0
55669.0
55448.0
56054.0
55671.0
55272.0
62855.0
55761.0
52761.0
19562.0
No change in 10 iterations, ending
26683.5
104097.0
62397.0
55911.0
55310.0
56106.0
55484.0
56375.0
55888.0
55831.0
55892.0
56269.0
55635.0
55963.0
55999.0
56453.0
55830.0
55804.0
55828.0
55826.0
55937.0
56008.0
55668.0
55872.0
55536.0
62855.0
55851.0
50631.5
18123.0
No change in 10 iterations, ending
22760.5
104097.0
60146.0
50662.0
50967.0
50886.0
50339.0
50288.0
50284.0
50983.0
50451.0
50452.0
50965.0
50663.0
50562.0
50631.0
50673.0
50423.0
50448.0
50831.0
50523.0
50202.0
50499.0
50085.0
50730.0
54670.0
50163.0
15905.5
16860.0
No change in 10 iterations, ending
22760.5
54670.0
50648.0
50641.0
No change in 10 iterations, ending
54670.0
50641.0
