1509.5
712.0
No change in 10 iterations, ending
1033.5
77390.0
36053.0
25612.0
24689.0
24585.0
No change in 10 iterations, ending
34604.0
24585.0
1491.0
676.5
No change in 10 iterations, ending
1033.5
77390.0
34961.0
23994.0
23746.0
23741.0
No change in 10 iterations, ending
34604.0
23741.0
1756672.0
1601311.5
1600641.0
1599272.0
1600088.5
1600067.0
1599808.5
1599137.0
1598556.5
1598599.5
1598462.5
1599377.0
1599613.0
1597902.0
1596742.5
1599569.0
1599412.0
1597624.5
1601679.0
1597283.5
1598471.0
1596724.0
1597011.0
2210523.0
0
No change in 10 iterations, ending
0
0
1758682.0
1599017.5
1597924.5
1598494.5
1599678.5
1597140.5
1596629.5
1596603.5
1596914.5
1596820.5
1597178.5
1596820.5
No change in 10 iterations, ending
2210523.0
0
No change in 10 iterations, ending
0
0
1758843.0
1613957.0
1608189.0
1608118.5
1608230.0
1608416.5
1609278.0
1608784.5
1609793.5
1608038.5
1611635.0
1608697.5
1609133.0
1608685.0
1608327.0
1607409.5
1607842.0
1608127.0
1609250.0
1608941.5
1609456.0
1608828.0
1607079.5
2210523.0
0
No change in 10 iterations, ending
0
0
